<?xml version="1.0" encoding="UTF-8"?>
<document version="2.0.0">
  <chunk label="ULB" enabled="true">
    <sensors next_id="2">
      <sensor id="0" label="unknown" type="frame">
        <resolution width="4096" height="2816"/>
        <property name="layer_index" value="0"/>
        <bands>
          <band label="Red"/>
          <band label="Green"/>
          <band label="Blue"/>
        </bands>
        <data_type>uint8</data_type>
        <calibration type="frame" class="initial">
          <resolution width="4096" height="2816"/>
          <f>41606.470000000001</f>
        </calibration>
        <calibration type="frame" class="adjusted">
          <resolution width="4096" height="2816"/>
          <f>45496.778895505355</f>
          <cx>9.5197495726209116</cx>
          <cy>128.60721408154544</cy>
          <b1>3.6970893268842682</b1>
          <b2>2.3449252817804327</b2>
          <k1>-0.13641621568824952</k1>
          <k2>4.7324532068792315</k2>
          <p1>0.0012661880001422466</p1>
          <p2>0.0032816405852752238</p2>
        </calibration>
      </sensor>
      <sensor id="1" label="unknown" type="frame">
        <resolution width="4096" height="2816"/>
        <property name="layer_index" value="0"/>
        <bands>
          <band label="Red"/>
          <band label="Green"/>
          <band label="Blue"/>
        </bands>
        <data_type>uint8</data_type>
        <calibration type="frame" class="initial">
          <resolution width="4096" height="2816"/>
          <f>41606.470000000001</f>
        </calibration>
        <calibration type="frame" class="adjusted">
          <resolution width="4096" height="2816"/>
          <f>45195.102284168504</f>
          <cx>-104.16182308496948</cx>
          <cy>-2.0925513889808229</cy>
          <b1>2.7794959400830361</b1>
          <b2>0.20541390202331913</b2>
          <k1>0.0064058706636470905</k1>
          <k2>7.3923143594324969</k2>
          <p1>-0.0024912994423310396</p1>
          <p2>0.0009249150020960962</p2>
        </calibration>
      </sensor>
    </sensors>
    <components next_id="1" active_id="0">
      <component id="0" label="Component 1">
        <transform>
          <rotation locked="false">-0.58018408328628535 -0.27249662482152726 0.76754935930018742 -0.52590611450046143 -0.59426106769223808 -0.60850352682322983 0.62193985901554849 -0.75670296212328714 0.20147317161737122</rotation>
          <translation locked="false">0.027842079654752994 -0.020688527357980907 0.0065444038156437425</translation>
          <scale locked="false">0.0065633196997782924</scale>
        </transform>
        <region>
          <center>0.12654670537997659 0.024547110336080036 -5.3650388057858054</center>
          <size>0.57644270261128749 0.38372734387715646 0.55119260152180993</size>
          <R>-0.62168079303876256 -0.63358093687129224 -0.46053033342005917 0.47613422827436214 0.16117016953251698 -0.86447693614025212 0.62193985901554272 -0.75670296212328625 0.20147317161739312</R>
        </region>
        <partition/>
      </component>
    </components>
    <cameras next_id="686" next_group_id="0">
      <camera id="0" sensor_id="0" component_id="0" label="image_0001_-40_0">
        <transform>-0.8278371942209326 -0.35845716562125607 -0.43150207447843203 2.4181019425297432 0.10023113222953188 -0.85134774920238077 0.5149375982194605 -2.7124729732331563 -0.551941391812936 0.38303455502449868 0.74070589957201194 -9.3514467074112222 0 0 0 1</transform>
        <reference x="26.854700000000001" y="0" z="-22.533799999999999" enabled="true"/>
      </camera>
      <camera id="343" sensor_id="1" component_id="0" label="image_0001_-40_0">
        <transform>-0.52009534631629639 -0.087464685432244393 0.84961800801440757 -4.3365841532327654 -0.59134944953706259 0.75463510044764515 -0.28430915163706161 1.5229752627139725 -0.61628456030663692 -0.65028900803766554 -0.44420439749404123 -3.015980239273202 0 0 0 1</transform>
        <reference x="26.854700000000001" y="0" z="-22.533799999999999" enabled="true"/>
      </camera>
      <camera id="2" sensor_id="0" component_id="0" label="image_0003_-40_26.2">
        <transform>-0.9894644855947583 -0.090378212547699829 -0.1131008861299648 0.70721067396204929 0.022935577519714902 -0.86920325862597447 0.49392272115972269 -2.5991640047918345 -0.14294751145276233 0.48612495707448611 0.86211863167361813 -10.008178963362658 0 0 0 1</transform>
        <reference x="24.095600000000001" y="11.8565" z="-22.533799999999999" enabled="true"/>
      </camera>
      <camera id="345" sensor_id="1" component_id="0" label="image_0003_-40_26.2">
        <transform>-0.20948177261481171 0.02256981034790867 0.97755203984392336 -5.0286421416738234 -0.41401676223576445 0.90364896268010375 -0.10958409024574411 0.58360942732932142 -0.8858371789047752 -0.42767879992820823 -0.17995370671924751 -4.4244659548570384 0 0 0 1</transform>
        <reference x="24.095600000000001" y="11.8565" z="-22.533799999999999" enabled="true"/>
      </camera>
      <camera id="4" sensor_id="0" component_id="0" label="image_0005_-40_52.4">
        <transform>-0.95096795694782621 0.20321810708647053 0.23315734131840757 -1.1646508666188966 -0.061510604635375013 -0.86305467601562014 0.50135124585958968 -2.637958840425215 0.30311118484125127 0.46242732094867034 0.83323741062458789 -9.8595172252551588 0 0 0 1</transform>
        <reference x="16.385300000000001" y="21.276700000000002" z="-22.533799999999999" enabled="true"/>
      </camera>
      <camera id="347" sensor_id="1" component_id="0" label="image_0005_-40_52.4">
        <transform>0.15001081414687911 0.032053039154359461 0.98816464130222748 -5.0933076183849453 -0.14710362454385834 0.98907302070975867 -0.0097510691789690004 0.043242183360125981 -0.97767953813355946 -0.14389983455529956 0.15308676732463666 -6.2053765660061933 0 0 0 1</transform>
        <reference x="16.385300000000001" y="21.276700000000002" z="-22.533799999999999" enabled="true"/>
      </camera>
      <camera id="6" sensor_id="0" component_id="0" label="image_0007_-40_78.6">
        <transform>-0.72115174547807359 0.45183911150878792 0.5251491000705204 -2.7469005614279323 -0.1325343629729773 -0.83401493207037636 0.53558728113631782 -2.8210251768080261 0.67998147226617522 0.31663940120363232 0.66133553282742208 -8.9407476135432891 0 0 0 1</transform>
        <reference x="5.3079999999999998" y="26.3249" z="-22.533799999999999" enabled="true"/>
      </camera>
      <camera id="349" sensor_id="1" component_id="0" label="image_0007_-40_78.6">
        <transform>0.47266453594029173 -0.061508608062006143 0.87909324169772984 -4.5166239335144107 0.14627856976356307 0.98919841939603836 -0.0094375363472188334 0.035326276987642131 -0.86901715546488234 0.13305329082233619 0.47655640307215624 -7.9401054097263692 0 0 0 1</transform>
        <reference x="5.3079999999999998" y="26.3249" z="-22.533799999999999" enabled="true"/>
      </camera>
      <camera id="8" sensor_id="0" component_id="0" label="image_0009_-40_104.8">
        <transform>-0.34137233117332949 0.61223500992924751 0.71318526634123569 -3.7668357432824662 -0.1765391000889312 -0.78702566185042033 0.5911214373787318 -3.1199224978688314 0.92320034534713857 0.075887417967940504 0.37675220257495823 -7.4132786887916016 0 0 0 1</transform>
        <reference x="-6.8598999999999997" y="25.963799999999999" z="-22.533799999999999" enabled="true"/>
      </camera>
      <camera id="351" sensor_id="1" component_id="0" label="image_0009_-40_104.8">
        <transform>0.70144377660285506 -0.23876113915143699 0.67154281076952271 -3.4096739024894855 0.41247828173367385 0.90438694766194139 -0.10929737415305185 0.56468400446821765 -0.58123858729712596 0.35366278759550668 0.73286038050028046 -9.3187422633090513 0 0 0 1</transform>
        <reference x="-6.8598999999999997" y="25.963799999999999" z="-22.533799999999999" enabled="true"/>
      </camera>
      <camera id="10" sensor_id="0" component_id="0" label="image_0011_-40_131">
        <transform>0.10239299562088414 0.64889854134554714 0.75395381654807136 -3.9904134371637987 -0.18461844532948379 -0.73237300154318463 0.65539744907556019 -3.4652003609942077 0.97746186835697368 -0.20630188959446838 0.044808774339919755 -5.6276169148146247 0 0 0 1</transform>
        <reference x="-17.618300000000001" y="20.267499999999998" z="-22.533799999999999" enabled="true"/>
      </camera>
      <camera id="353" sensor_id="1" component_id="0" label="image_0011_-40_131">
        <transform>0.78646130626363342 -0.45978556421313832 0.41240253235316721 -2.0238293794964797 0.590946735989617 0.75433061533267454 -0.28594978229585377 1.5071735661407559 -0.17961227400519469 0.46859636971815533 0.86496061951608438 -10.035082236981133 0 0 0 1</transform>
        <reference x="-17.618300000000001" y="20.267499999999998" z="-22.533799999999999" enabled="true"/>
      </camera>
      <camera id="12" sensor_id="0" component_id="0" label="image_0013_-40_157.2">
        <transform>0.53382782117971272 0.55353881173405606 0.63923598243416258 -3.3764560401833097 -0.1535552251627231 -0.67993390971573975 0.71701511228417902 -3.7977892681044478 0.83153391401658749 -0.48092064035838267 -0.27796886069762783 -3.8885991093429197 0 0 0 1</transform>
        <reference x="-24.756399999999999" y="10.406599999999999" z="-22.533799999999999" enabled="true"/>
      </camera>
      <camera id="355" sensor_id="1" component_id="0" label="image_0013_-40_157.2">
        <transform>0.71173869192220995 -0.68695362980674257 0.14670632200489578 -0.59935808631306398 0.64968094461312331 0.56434597440944312 -0.50934103641318451 2.7024072280314253 0.26710055152968676 0.45783002485988006 0.84796754873599911 -9.9537947025230906 0 0 0 1</transform>
        <reference x="-24.756399999999999" y="10.406599999999999" z="-22.533799999999999" enabled="true"/>
      </camera>
      <camera id="14" sensor_id="0" component_id="0" label="image_0015_-40_183.4">
        <transform>0.85078462685069922 0.34736040509499266 0.39434283014498872 -2.0580695861748368 -0.090093325747129971 -0.64287385822653897 0.76065524060821732 -4.0338448413161423 0.51773420919458135 -0.68268144209518855 -0.51565234145545669 -2.605372747396844 0 0 0 1</transform>
        <reference x="-26.807400000000001" y="-1.5927" z="-22.533799999999999" sxyz="175.9571" enabled="true"/>
      </camera>
      <camera id="357" sensor_id="1" component_id="0" label="image_0015_-40_183.4">
        <transform>0.49422592121472775 -0.86698469125401978 -0.063861443223794626 0.53273486932474656 0.57331297613131837 0.38027559621401408 -0.72574286239929853 3.8630909195803254 0.6534928998840801 0.32206834065963158 0.68499563045748513 -9.0898667883081661 0 0 0 1</transform>
        <reference x="-26.807400000000001" y="-1.5927" z="-22.533799999999999" sxyz="175.9571" enabled="true"/>
      </camera>
      <camera id="16" sensor_id="0" component_id="0" label="image_0017_-40_209.6">
        <transform>0.99553912597821625 0.068006525167788337 0.065398479960410788 -0.27516695504558419 -0.0082724863467555643 -0.62756450607775738 0.77852062058819116 -4.1323602292127548 0.093986246952264374 -0.7755887462089579 -0.6242024368246607 -2.0105734409081042 0 0 0 1</transform>
        <reference x="-23.350000000000001" y="-13.264699999999999" z="-22.533799999999999" sxyz="149.51650000000001" enabled="true"/>
      </camera>
      <camera id="359" sensor_id="1" component_id="0" label="image_0017_-40_209.6">
        <transform>0.17411644510979357 -0.96791843450423265 -0.18115564492779257 1.1675467387163712 0.37807809005944815 0.23557579224835606 -0.89529939345649012 4.7753927614567599 0.90925267190112169 0.087395367459810677 0.40696637255089807 -7.6074716710777466 0 0 0 1</transform>
        <reference x="-23.350000000000001" y="-13.264699999999999" z="-22.533799999999999" sxyz="149.51650000000001" enabled="true"/>
      </camera>
      <camera id="18" sensor_id="0" component_id="0" label="image_0019_-40_235.8">
        <transform>0.93660461460966071 -0.22044812933477889 -0.27234980845355045 1.560915599055172 0.073512266478450203 -0.63635117318608825 0.76788874914396976 -4.0770391928262901 -0.34258975841243472 -0.73922919764947426 -0.57980380369002749 -2.2389286585594128 0 0 0 1</transform>
        <reference x="-15.0946" y="-22.210999999999999" z="-22.533799999999999" sxyz="135.41329999999999" enabled="true"/>
      </camera>
      <camera id="361" sensor_id="1" component_id="0" label="image_0019_-40_235.8">
        <transform>-0.17662668842103529 -0.96766300300192309 -0.18008699441858322 1.1692066403316954 0.11004259787805658 0.16240291966716744 -0.98056918080053268 5.2368296831191037 0.97810717183224205 -0.19301192788239732 0.077799460830094064 -5.8464156524435991 0 0 0 1</transform>
        <reference x="-15.0946" y="-22.210999999999999" z="-22.533799999999999" sxyz="135.41329999999999" enabled="true"/>
      </camera>
      <camera id="363" sensor_id="1" component_id="0" label="image_0021_-40_262">
        <transform>-0.49857811224462961 -0.86489055542476934 -0.058173818231356256 0.5233254240767985 -0.18669576633205709 0.17267353523176579 -0.96712384990974687 5.171383203512252 0.84650136256492026 -0.47132597781959579 -0.24756265026884658 -4.1013020967781006 0 0 0 1</transform>
        <reference x="-3.7374999999999998" y="-26.593399999999999" z="-22.533799999999999" sxyz="130.27610000000001" enabled="true"/>
      </camera>
      <camera id="20" sensor_id="0" component_id="0" label="image_0021_-40_262">
        <transform>0.68185981354852454 -0.46815669198287285 -0.56204671195482048 3.1370810985826276 0.14240241400512318 -0.66870919984929778 0.72975993211632617 -3.8738471085096835 -0.71748780279046209 -0.57763077981403077 -0.38929928725641122 -3.2556885601271346 0 0 0 1</transform>
        <reference x="-3.7374999999999998" y="-26.593399999999999" z="-22.533799999999999" sxyz="130.27610000000001" enabled="true"/>
      </camera>
      <camera id="365" sensor_id="1" component_id="0" label="image_0023_-40_288.2">
        <transform>-0.71368243358922556 -0.68308731775332598 0.155077723450945 -0.61376281216453743 -0.43973737220846104 0.26458462890573575 -0.85826919881236086 4.5930012736612129 0.54524162301621681 -0.68072512108146943 -0.48920842394552122 -2.8008198634925634 0 0 0 1</transform>
        <reference x="8.3877000000000006" y="-25.511199999999999" z="-22.533799999999999" sxyz="131.4538" enabled="true"/>
      </camera>
      <camera id="22" sensor_id="0" component_id="0" label="image_0023_-40_288.2">
        <transform>0.29328321553853426 -0.61486608593093894 -0.73206874803896982 4.0572589023430607 0.18189571941679797 -0.71586602621473405 0.674128904416189 -3.5740583411297324 -0.9385621464459466 -0.33087086436175261 -0.098109981017651254 -4.819784814454434 0 0 0 1</transform>
        <reference x="8.3877000000000006" y="-25.511199999999999" z="-22.533799999999999" sxyz="131.4538" enabled="true"/>
      </camera>
      <camera id="367" sensor_id="1" component_id="0" label="image_0025_-40_314.4">
        <transform>-0.78430107236858682 -0.45532360321492693 0.42136948659918283 -2.038022251993505 -0.60671008273899441 0.42114832026550797 -0.67419356852493251 3.6101249441862366 0.12951719339271694 -0.78441985485638732 -0.60655650019001284 -2.1636663984583446 0 0 0 1</transform>
        <reference x="18.789300000000001" y="-19.187000000000001" z="-22.533799999999999" sxyz="139.5864" enabled="true"/>
      </camera>
      <camera id="24" sensor_id="0" component_id="0" label="image_0025_-40_314.4">
        <transform>-0.15898167964814713 -0.63647353151238484 -0.75473589368759098 4.182820283067195 0.18528950765835064 -0.77011007392387909 0.61040828335850972 -3.2308126503942036 -0.96973843065435972 -0.042800907993981202 0.24036526035787836 -6.6403786545554366 0 0 0 1</transform>
        <reference x="18.789300000000001" y="-19.187000000000001" z="-22.533799999999999" sxyz="139.5864" enabled="true"/>
      </camera>
      <camera id="26" sensor_id="0" component_id="0" label="image_0027_-40_340.6">
        <transform>-0.57298435829611916 -0.52928311983374265 -0.62573820740549679 3.4919847428774249 0.15294642732853919 -0.81914243662841923 0.55282280966137121 -2.9206629320984643 -0.80516850131846329 0.22105439957964312 0.55030776562852834 -8.3089149486056453 0 0 0 1</transform>
        <reference x="25.329999999999998" y="-8.9200999999999997" z="-22.533799999999999" sxyz="158.40369999999999" enabled="true"/>
      </camera>
      <camera id="369" sensor_id="1" component_id="0" label="image_0027_-40_340.6">
        <transform>-0.69406968337554265 -0.23405866488913951 0.68079645710688541 -3.4284959394313446 -0.65126371203257138 0.60714686894291303 -0.4552233044587814 2.4389587009857467 -0.30679447845182922 -0.75933472258492796 -0.5738361500187491 -2.3291966350793003 0 0 0 1</transform>
        <reference x="25.329999999999998" y="-8.9200999999999997" z="-22.533799999999999" sxyz="158.40369999999999" enabled="true"/>
      </camera>
      <camera id="28" sensor_id="0" component_id="0" label="image_0029_-30_11.5">
        <transform>-0.9126998325799518 -0.20830473274135602 -0.35155106873124436 2.0150610393755617 0.079058309970016449 -0.9340746649818753 0.34821588686285077 -1.8219638741060344 -0.40090996399841783 0.29002354827935828 0.8689980104754198 -10.029205495637845 0 0 0 1</transform>
        <reference x="29.7502" y="6.0526999999999997" z="-17.528199999999998" enabled="true"/>
      </camera>
      <camera id="371" sensor_id="1" component_id="0" label="image_0029_-30_11.5">
        <transform>-0.40413207341395663 -0.19400134718665174 0.89389079004535033 -4.5734424795488726 -0.5363465326722231 0.84187870825334898 -0.059771544067025756 0.32526482662498962 -0.74095186357051612 -0.50359082386341858 -0.44428213782679016 -3.0182930555151128 0 0 0 1</transform>
        <reference x="29.7502" y="6.0526999999999997" z="-17.528199999999998" enabled="true"/>
      </camera>
      <camera id="30" sensor_id="0" component_id="0" label="image_0031_-30_34.5">
        <transform>-0.99971263759910833 -0.014580852325262931 -0.019027374230374251 0.22223238740185347 0.0073711360535866285 -0.94226659403079172 0.33478251466719516 -1.7485915748150214 -0.02281027351684654 0.33454605739580945 0.94210329948631799 -10.427041578381866 0 0 0 1</transform>
        <reference x="25.020199999999999" y="17.195900000000002" z="-17.528199999999998" enabled="true"/>
      </camera>
      <camera id="373" sensor_id="1" component_id="0" label="image_0031_-30_34.5">
        <transform>-0.1112815553630922 -0.13988720353456413 0.98389429601113687 -5.0612763471560411 -0.34934464645676949 0.93236273706383976 0.093048613782366119 -0.49552407422232314 -0.93036268918522624 -0.33336361052476121 -0.15262362120566197 -4.572630801617902 0 0 0 1</transform>
        <reference x="25.020199999999999" y="17.195900000000002" z="-17.528199999999998" enabled="true"/>
      </camera>
      <camera id="32" sensor_id="0" component_id="0" label="image_0033_-30_57.5">
        <transform>-0.92905569527423748 0.18531502398344576 0.32017785208305366 -1.6206976851128576 -0.067018614370726995 -0.93547664284155263 0.34697544009011061 -1.812892153449204 0.36381866418083969 0.3009016327372005 0.88152945895741697 -10.113416201766478 0 0 0 1</transform>
        <reference x="16.312200000000001" y="25.6051" z="-17.528199999999998" enabled="true"/>
      </camera>
      <camera id="375" sensor_id="1" component_id="0" label="image_0033_-30_57.5">
        <transform>0.20306444080900676 -0.14821495565472825 0.96788282338266163 -4.9832525276501851 -0.10400801504724247 0.97962012273690613 0.17183348897948092 -0.92211858085322462 -0.97362578318615722 -0.13556084261023021 0.18351046909085711 -6.3683286178247993 0 0 0 1</transform>
        <reference x="16.312200000000001" y="25.6051" z="-17.528199999999998" enabled="true"/>
      </camera>
      <camera id="34" sensor_id="0" component_id="0" label="image_0035_-30_80.5">
        <transform>-0.71400130158095954 0.35363388370637983 0.60427246969842829 -3.1644463192293095 -0.12870247527206574 -0.91465370837541626 0.38320264432013251 -2.0059125251627599 0.68821349463632187 0.1958358242248881 0.69857749444898387 -9.1379064015479923 0 0 0 1</transform>
        <reference x="5.0107999999999997" y="29.943300000000001" z="-17.528199999999998" enabled="true"/>
      </camera>
      <camera id="377" sensor_id="1" component_id="0" label="image_0035_-30_80.5">
        <transform>0.48142649081599309 -0.21719858728703723 0.84914857805987864 -4.3548496770416367 0.15477066850046056 0.97465210291150428 0.16155283489342814 -0.87278514373293414 -0.86271349480144255 0.053647478698424372 0.50283931222288425 -8.0778733557393245 0 0 0 1</transform>
        <reference x="5.0107999999999997" y="29.943300000000001" z="-17.528199999999998" enabled="true"/>
      </camera>
      <camera id="36" sensor_id="0" component_id="0" label="image_0037_-30_103.5">
        <transform>-0.38516835884771294 0.4676483295440409 0.79558178411601932 -4.2026403479572121 -0.16924514879789349 -0.88326935349253333 0.43725430677039889 -2.2957293989047192 0.90719425425370659 0.0337681663042394 0.41935461842396665 -7.6409248979569977 0 0 0 1</transform>
        <reference x="-7.0872999999999999" y="29.520800000000001" z="-17.528199999999998" enabled="true"/>
      </camera>
      <camera id="379" sensor_id="1" component_id="0" label="image_0037_-30_103.5">
        <transform>0.68542276560756976 -0.33636028361519232 0.64579980798477932 -3.271353896985906 0.3898372734114795 0.91860843172102025 0.064695049502652827 -0.35981040415920434 -0.6149979940178455 0.2074133765632164 0.76076090762911275 -9.4616482171665002 0 0 0 1</transform>
        <reference x="-7.0872999999999999" y="29.520800000000001" z="-17.528199999999998" enabled="true"/>
      </camera>
      <camera id="38" sensor_id="0" component_id="0" label="image_0039_-30_126.5">
        <transform>0.007498442108523129 0.50800108866077964 0.86132378771598306 -4.5603313974086994 -0.18215851656472296 -0.84624220508118453 0.50069192642010329 -2.6365031322341617 0.98324058511072687 -0.16065187287671795 0.08619122653912159 -5.8514215322026839 0 0 0 1</transform>
        <reference x="-18.058599999999998" y="24.404800000000002" z="-17.528199999999998" enabled="true"/>
      </camera>
      <camera id="381" sensor_id="1" component_id="0" label="image_0039_-30_126.5">
        <transform>0.78190961121209202 -0.48740618229927324 0.38865482545647506 -1.8987278057727837 0.56321420828967583 0.81957731527100841 -0.10527478270602023 0.54509981226575033 -0.26722109848361325 0.30121128423353227 0.91534946702098285 -10.295377697730451 0 0 0 1</transform>
        <reference x="-18.058599999999998" y="24.404800000000002" z="-17.528199999999998" enabled="true"/>
      </camera>
      <camera id="40" sensor_id="0" component_id="0" label="image_0041_-30_149.5">
        <transform>0.39564254941230198 0.46867759423058875 0.78981534915495399 -4.1786792219029856 -0.16552445586724182 -0.80951441704293881 0.56328328850542364 -2.9732472774930625 0.90336516846975456 -0.35359259221010014 -0.24270074398269531 -4.0825762610182244 0 0 0 1</transform>
        <reference x="-26.158799999999999" y="15.4087" z="-17.528199999999998" enabled="true"/>
      </camera>
      <camera id="383" sensor_id="1" component_id="0" label="image_0041_-30_149.5">
        <transform>0.75488473793106559 -0.64437634995886006 0.12218081703951369 -0.47391322774800282 0.64477981655916949 0.69504836807355486 -0.31806721647509095 1.6807979662789507 0.12003341450058602 0.31888381215104966 0.94016226990416085 -10.436536974841372 0 0 0 1</transform>
        <reference x="-26.158799999999999" y="15.4087" z="-17.528199999999998" enabled="true"/>
      </camera>
      <camera id="42" sensor_id="0" component_id="0" label="image_0043_-30_172.5">
        <transform>0.72119603148714351 0.35647680148659056 0.59397017952847153 -3.1269864015139803 -0.12166836483974704 -0.77892121008107562 0.61520610975757939 -3.2531162243294123 0.68196267725178117 -0.51595158541061059 -0.51838293601145891 -2.5978536211738468 0 0 0 1</transform>
        <reference x="-30.099900000000002" y="3.9626999999999999" z="-17.528199999999998" enabled="true"/>
      </camera>
      <camera id="385" sensor_id="1" component_id="0" label="image_0043_-30_172.5">
        <transform>0.61044841263211336 -0.78385873279863283 -0.11365835882263499 0.7899724871616105 0.6238651750833959 0.56425704037475188 -0.5407459992507474 2.8718374417269446 0.48800100290173304 0.25919004495320996 0.8334719801913294 -9.8748886268380964 0 0 0 1</transform>
        <reference x="-30.099900000000002" y="3.9626999999999999" z="-17.528199999999998" enabled="true"/>
      </camera>
      <camera id="44" sensor_id="0" component_id="0" label="image_0045_-30_195.5">
        <transform>0.93565516334867871 0.18585763932306371 0.30001058848683143 -1.5426542061523039 -0.056899685027373331 -0.75952550277217457 0.64798413289405499 -3.4306595275188823 0.34829849431592819 -0.62336020770011702 -0.70007871722637283 -1.6150306904389289 0 0 0 1</transform>
        <reference x="-29.255500000000001" y="-8.1133000000000006" z="-17.528199999999998" sxyz="155.16200000000001" enabled="true"/>
      </camera>
      <camera id="387" sensor_id="1" component_id="0" label="image_0045_-30_195.5">
        <transform>0.36748590744225607 -0.88535467222673125 -0.28478274561082262 1.7100373679712355 0.50190529120098371 0.44658381041259454 -0.74071180559096228 3.9438248110032266 0.78297202152809864 0.12926718316597063 0.60847745139860165 -8.6795251009078047 0 0 0 1</transform>
        <reference x="-29.255500000000001" y="-8.1133000000000006" z="-17.528199999999998" sxyz="155.16200000000001" enabled="true"/>
      </camera>
      <camera id="46" sensor_id="0" component_id="0" label="image_0047_-30_218.5">
        <transform>0.99920035670387919 -0.012319342686629537 -0.038037888461506714 0.28701886547769573 0.015685326277184736 -0.75431104847233332 0.65632980481778036 -3.4774510035900672 -0.036777951308071745 -0.65640161178072776 -0.75351463578967304 -1.318939723616243 0 0 0 1</transform>
        <reference x="-23.759699999999999" y="-18.8993" z="-17.528199999999998" sxyz="132.8443" enabled="true"/>
      </camera>
      <camera id="389" sensor_id="1" component_id="0" label="image_0047_-30_218.5">
        <transform>0.069726548232915464 -0.93064634283528613 -0.35921524611134009 2.1143037825268651 0.30155473997371973 0.3629087946893701 -0.88168131744780132 4.7014863439136212 0.95089586562930495 -0.046846465228616296 0.30594519349824545 -7.0663065177204079 0 0 0 1</transform>
        <reference x="-23.759699999999999" y="-18.8993" z="-17.528199999999998" sxyz="132.8443" enabled="true"/>
      </camera>
      <camera id="48" sensor_id="0" component_id="0" label="image_0049_-30_241.5">
        <transform>0.90340431020160961 -0.21024508079950546 -0.37370798534251842 2.1051808111396446 0.086883180643896107 -0.7637083325899876 0.63968812373985973 -3.3892579931594069 -0.41989518362366879 -0.61036594656994969 -0.67167063806408511 -1.750873315240824 0 0 0 1</transform>
        <reference x="-14.4864" y="-26.680599999999998" z="-17.528199999999998" sxyz="123.3034" enabled="true"/>
      </camera>
      <camera id="391" sensor_id="1" component_id="0" label="image_0049_-30_241.5">
        <transform>-0.24218612422112643 -0.91327735085092987 -0.32752154380659826 1.951534661814665 0.051539164609920723 0.32498459830456905 -0.94431389133917187 5.0414501128041893 0.96885994640405071 -0.24557990815114769 -0.031637208574924899 -5.262259657922379 0 0 0 1</transform>
        <reference x="-14.4864" y="-26.680599999999998" z="-17.528199999999998" sxyz="123.3034" enabled="true"/>
      </camera>
      <camera id="50" sensor_id="0" component_id="0" label="image_0051_-30_264.5">
        <transform>0.66629376549645747 -0.37181251283576255 -0.64638074952717173 3.5816004074330836 0.14417569617130488 -0.78623262603055188 0.60087571626636882 -3.1821283775989539 -0.7316187440833315 -0.49355213814130999 -0.47025556907076665 -2.8272527232210289 0 0 0 1</transform>
        <reference x="-2.9098000000000002" y="-30.219899999999999" z="-17.528199999999998" sxyz="120.1146" enabled="true"/>
      </camera>
      <camera id="393" sensor_id="1" component_id="0" label="image_0051_-30_264.5">
        <transform>-0.51179199513894813 -0.83673914271092553 -0.19477310072769374 1.247696873362387 -0.20414057135009003 0.33866645631379483 -0.91849423432959831 4.9080302937808957 0.83450319402657391 -0.4303169046449854 -0.34413918802746751 -3.5892040233201565 0 0 0 1</transform>
        <reference x="-2.9098000000000002" y="-30.219899999999999" z="-17.528199999999998" sxyz="120.1146" enabled="true"/>
      </camera>
      <camera id="52" sensor_id="0" component_id="0" label="image_0053_-30_287.5">
        <transform>0.32342036098914417 -0.47519744187802804 -0.8182827514558948 4.512274619985849 0.18020853270690262 -0.81800070071752951 0.5462597718716401 -2.8888793991999338 -0.92893711027026826 -0.32413306659180741 -0.17892344816852324 -4.3899726560945584 0 0 0 1</transform>
        <reference x="9.1293000000000006" y="-28.954499999999999" z="-17.528199999999998" sxyz="121.18940000000001" enabled="true"/>
      </camera>
      <camera id="395" sensor_id="1" component_id="0" label="image_0053_-30_287.5">
        <transform>-0.70208449900650272 -0.71184324853211578 0.018882419708069809 0.10999681255829866 -0.4291992878627135 0.40185873981195697 -0.80888659559599896 4.326661570532699 0.56821239651465438 -0.57601106131392132 -0.58766140735212713 -2.2819113829844193 0 0 0 1</transform>
        <reference x="9.1293000000000006" y="-28.954499999999999" z="-17.528199999999998" sxyz="121.18940000000001" enabled="true"/>
      </camera>
      <camera id="54" sensor_id="0" component_id="0" label="image_0055_-30_310.5">
        <transform>-0.073929778241093702 -0.5030472454303595 -0.86109108505090826 4.746146470604077 0.18895123502708311 -0.85487959843505479 0.48319592606028916 -2.5495716966577202 -0.97919958061212575 -0.12698165633054326 0.15825245743617722 -6.2010824451316822 0 0 0 1</transform>
        <reference x="19.716999999999999" y="-23.085699999999999" z="-17.528199999999998" sxyz="127.20820000000001" enabled="true"/>
      </camera>
      <camera id="397" sensor_id="1" component_id="0" label="image_0055_-30_310.5">
        <transform>-0.78102357727835825 -0.5574410730419076 0.2815344061055462 -1.2920645992576876 -0.58830611743191041 0.50550188069421964 -0.63116064580009856 3.3799406708967492 0.20951869589014663 -0.65857975879956454 -0.72275488055910053 -1.5520787586558389 0 0 0 1</transform>
        <reference x="19.716999999999999" y="-23.085699999999999" z="-17.528199999999998" sxyz="127.20820000000001" enabled="true"/>
      </camera>
      <camera id="56" sensor_id="0" component_id="0" label="image_0057_-30_333.5">
        <transform>-0.45629274719348539 -0.45069682548736367 -0.76724787412819451 4.2438241190985106 0.16897301277576529 -0.89043903164489124 0.4225712388187215 -2.2230980409301999 -0.87363896994817214 0.063172006608306436 0.48245647240862788 -7.9432607344410702 0 0 0 1</transform>
        <reference x="27.169899999999998" y="-13.5464" z="-17.528199999999998" sxyz="142.30179999999999" enabled="true"/>
      </camera>
      <camera id="399" sensor_id="1" component_id="0" label="image_0057_-30_333.5">
        <transform>-0.73424372375349944 -0.40034434333930968 0.54827963748876452 -2.7184797114645938 -0.65454286289021424 0.63179256411630424 -0.41522499511328437 2.2274644227338727 -0.18016602001508839 -0.6637488701938119 -0.72593225754774215 -1.5263654064326455 0 0 0 1</transform>
        <reference x="27.169899999999998" y="-13.5464" z="-17.528199999999998" sxyz="142.30179999999999" enabled="true"/>
      </camera>
      <camera id="58" sensor_id="0" component_id="0" label="image_0059_-20_0">
        <transform>-0.80349436310090305 -0.21126909287677295 -0.55656282561818626 3.1107351258038753 0.11741195425093759 -0.97278467063219942 0.19976090103415772 -1.0287746277910983 -0.58361908935884699 0.095159628929648188 0.80643251643142566 -9.6836750967966641 0 0 0 1</transform>
        <reference x="32.9422" y="0" z="-11.99" enabled="true"/>
      </camera>
      <camera id="401" sensor_id="1" component_id="0" label="image_0059_-20_0">
        <transform>-0.53577404024962694 -0.3862590987327903 0.75083292844728444 -3.8037460365006615 -0.60572588426673535 0.79533873471422933 -0.023074882284664811 0.13483071022522711 -0.58825362805840253 -0.46716186243025271 -0.6600889814008597 -1.8742101399503335 0 0 0 1</transform>
        <reference x="32.9422" y="0" z="-11.99" enabled="true"/>
      </camera>
      <camera id="403" sensor_id="1" component_id="0" label="image_0061_-20_21.2">
        <transform>-0.29376145353037941 -0.33034480113960935 0.89698189545818041 -4.5892265413670428 -0.47328179277141519 0.86555388593555049 0.16377061755071859 -0.86529868653002473 -0.8304869373149667 -0.37641570490868304 -0.41061254735736674 -3.2001867686183463 0 0 0 1</transform>
        <reference x="30.712800000000001" y="11.912699999999999" z="-11.99" enabled="true"/>
      </camera>
      <camera id="60" sensor_id="0" component_id="0" label="image_0061_-20_21.2">
        <transform>-0.9640325373096732 -0.098666198231106256 -0.24679191302571846 1.4476930258534613 0.056698065798462073 -0.98351182225382017 0.17172601672921617 -0.87778950608804673 -0.25966631730547385 0.15155684350628912 0.95373158008080194 -10.478199197665591 0 0 0 1</transform>
        <reference x="30.712800000000001" y="11.912699999999999" z="-11.99" enabled="true"/>
      </camera>
      <camera id="405" sensor_id="1" component_id="0" label="image_0063_-20_42.4">
        <transform>-0.011465503476013383 -0.30842239451460779 0.95118040812030857 -4.8850616714792201 -0.27760212304507814 0.9148321837972937 0.29329019207866402 -1.5609576499410669 -0.96062771327445418 -0.26068698097632304 -0.09610772309519848 -4.8756970410181486 0 0 0 1</transform>
        <reference x="24.3263" y="22.213000000000001" z="-11.99" enabled="true"/>
      </camera>
      <camera id="62" sensor_id="0" component_id="0" label="image_0063_-20_42.4">
        <transform>-0.99502006888705741 0.027317662080353914 0.095858269598711285 -0.39631025721287289 -0.011066806789611123 -0.98604221709363293 0.16612727619675641 -0.84677785158434959 0.0990585094753451 0.16423912885648037 0.98143411406624104 -10.632060712558784 0 0 0 1</transform>
        <reference x="24.3263" y="22.213000000000001" z="-11.99" enabled="true"/>
      </camera>
      <camera id="64" sensor_id="0" component_id="0" label="image_0065_-20_63.6">
        <transform>-0.89117259002345817 0.15086807017043524 0.4278437100086066 -2.1913332586317873 -0.077318496910545015 -0.97979591214565809 0.18445004900555428 -0.94373215301984603 0.44702714103997554 0.13129659533173688 0.88483215313861607 -10.121898016585368 0 0 0 1</transform>
        <reference x="14.6472" y="29.506699999999999" z="-11.99" enabled="true"/>
      </camera>
      <camera id="407" sensor_id="1" component_id="0" label="image_0065_-20_63.6">
        <transform>0.27460176556458005 -0.3238211240536662 0.90539148989011142 -4.6471741047963322 -0.042815561821087401 0.93653633587987362 0.34794614416981978 -1.8579077024490902 -0.96060433999371464 -0.13431147081809686 0.24330994799210204 -6.6872471866231979 0 0 0 1</transform>
        <reference x="14.6472" y="29.506699999999999" z="-11.99" enabled="true"/>
      </camera>
      <camera id="409" sensor_id="1" component_id="0" label="image_0067_-20_84.8">
        <transform>0.52075268809322073 -0.37362732578914204 0.76760618761663146 -3.9169379584838664 0.19461314786947606 0.92742426194180805 0.31938998268265351 -1.7105809528202389 -0.83122942712587977 -0.016936935535878744 0.55567146741094708 -8.3574632433423339 0 0 0 1</transform>
        <reference x="2.9855999999999998" y="32.806600000000003" z="-11.99" enabled="true"/>
      </camera>
      <camera id="66" sensor_id="0" component_id="0" label="image_0067_-20_84.8">
        <transform>-0.66962724519718586 0.25323585453125058 0.69819120194217221 -3.6586133932283129 -0.13160433127955684 -0.96565657731298615 0.22402605803930487 -1.1545325455299582 0.73094435662236856 0.058128965860375026 0.67995688896423057 -9.0299898755975985 0 0 0 1</transform>
        <reference x="2.9855999999999998" y="32.806600000000003" z="-11.99" enabled="true"/>
      </camera>
      <camera id="411" sensor_id="1" component_id="0" label="image_0069_-20_106">
        <transform>0.69869531592044809 -0.45178630792373209 0.55471973778068151 -2.7839937561594863 0.40681481064193337 0.88871308660903237 0.21140189103272977 -1.1385231503660707 -0.58849517020379483 0.077962694043297698 0.80473303211954572 -9.6922098854042851 0 0 0 1</transform>
        <reference x="-9.0800999999999998" y="31.6661" z="-11.99" enabled="true"/>
      </camera>
      <camera id="68" sensor_id="0" component_id="0" label="image_0069_-20_106">
        <transform>-0.35571797494405072 0.32164532691754477 0.87750157035404142 -4.631088469432493 -0.16695996927350662 -0.94567912697226308 0.27895404185845218 -1.4489835760781029 0.91955918295773253 -0.047278668351417939 0.39009695789255161 -7.4782498636374282 0 0 0 1</transform>
        <reference x="-9.0800999999999998" y="31.6661" z="-11.99" enabled="true"/>
      </camera>
      <camera id="413" sensor_id="1" component_id="0" label="image_0071_-20_127.2">
        <transform>0.78255198035369133 -0.54727334053249721 0.29682366615032146 -1.4093333321101056 0.56279600537924179 0.82569322399028489 0.038618081072190613 -0.21958346899377684 -0.26621993609360745 0.13683051779092026 0.95415111750046389 -10.497306302100718 0 0 0 1</transform>
        <reference x="-19.916799999999999" y="26.2394" z="-11.99" enabled="true"/>
      </camera>
      <camera id="70" sensor_id="0" component_id="0" label="image_0071_-20_127.2">
        <transform>0.0061499243712215268 0.34661033958775872 0.93798904626924484 -4.9592434881396574 -0.17873187017625958 -0.92252124990998574 0.34206645852497003 -1.7876151981769715 0.98387859871710037 -0.16975221929440831 0.056276878299157368 -5.6870448611808539 0 0 0 1</transform>
        <reference x="-19.916799999999999" y="26.2394" z="-11.99" enabled="true"/>
      </camera>
      <camera id="415" sensor_id="1" component_id="0" label="image_0073_-20_148.4">
        <transform>0.76160605707686568 -0.64746259477389556 0.027356940481059494 0.02961425235612359 0.6413425973386655 0.74700907250760817 -0.17509174289559531 0.91958015206164689 0.092929471443263897 0.15089610319679281 0.98417197652508803 -10.664887340288608 0 0 0 1</transform>
        <reference x="-28.057700000000001" y="17.261199999999999" z="-11.99" enabled="true"/>
      </camera>
      <camera id="72" sensor_id="0" component_id="0" label="image_0073_-20_148.4">
        <transform>0.3674892657947787 0.32486749105263918 0.87144291424210762 -4.6045418557329825 -0.16544631695076523 -0.89922603846151139 0.40499388632452638 -2.1256540691011416 0.91519350726119164 -0.29300792653097268 -0.27670778676607355 -3.8987642601400809 0 0 0 1</transform>
        <reference x="-28.057700000000001" y="17.261199999999999" z="-11.99" enabled="true"/>
      </camera>
      <camera id="417" sensor_id="1" component_id="0" label="image_0075_-20_169.6">
        <transform>0.64068356029826001 -0.73763344208840209 -0.21312315847031288 1.3158234422571431 0.6329050635342951 0.66451336151268992 -0.39730740356020955 2.1059024712360714 0.43469041410663228 0.1196615956935297 0.89259472684969554 -10.183584681399745 0 0 0 1</transform>
        <reference x="-32.401000000000003" y="5.9466999999999999" z="-11.99" enabled="true"/>
      </camera>
      <camera id="74" sensor_id="0" component_id="0" label="image_0075_-20_169.6">
