<?xml version="1.0" encoding="UTF-8"?>
<document version="2.0.0">
  <chunk label="Copy of Chunk 1" enabled="true">
    <sensors next_id="1">
      <sensor id="0" label="unknown" type="frame">
        <resolution width="4096" height="2816"/>
        <property name="layer_index" value="0"/>
        <bands>
          <band label="Red"/>
          <band label="Green"/>
          <band label="Blue"/>
        </bands>
        <data_type>uint8</data_type>
        <calibration type="frame" class="initial">
          <resolution width="4096" height="2816"/>
          <f>44463.400000000001</f>
        </calibration>
        <calibration type="frame" class="adjusted">
          <resolution width="4096" height="2816"/>
          <f>45408.376712510486</f>
          <cx>178.10646914363483</cx>
          <cy>-111.53700434603952</cy>
          <k1>0.10666998566437846</k1>
          <k2>47.586163410266799</k2>
          <p1>0.0019605538296793346</p1>
          <p2>-0.0014945818715784451</p2>
        </calibration>
        <covariance>
          <params>f cx cy k1 k2 p1 p2</params>
          <coeffs>622.87983822343267 51.893068155021915 -72.784245627480857 -0.22250933693970049 -0.8580090022635376 -0.00017400208308623001 0.00038488834447161113 51.893068155021915 609.67806799003745 97.395401177441485 0.020416549073786629 -53.657643580148054 0.0067599680555974562 0.0013295388785829118 -72.784245627480857 97.395401177441485 608.94971413046733 0.010272289279458613 42.586888230810935 0.0018049969555023057 0.0064945637079812492 -0.22250933693970049 0.020416549073786629 0.010272289279458613 0.0011800091598317785 -0.46548982383884441 9.4868934927445098e-07 -1.1479539025673979e-06 -0.8580090022635376 -53.657643580148054 42.586888230810935 -0.46548982383884441 263.17960250266287 -0.00034296770743735599 0.00053819616808916521 -0.00017400208308623001 0.0067599680555974562 0.0018049969555023057 9.4868934927445098e-07 -0.00034296770743735599 8.5308791404249541e-08 1.8967675170834611e-08 0.00038488834447161113 0.0013295388785829118 0.0064945637079812492 -1.1479539025673979e-06 0.00053819616808916521 1.8967675170834611e-08 9.2164815596998081e-08</coeffs>
        </covariance>
        <black_level>0 0 0</black_level>
        <sensitivity>1 1 1</sensitivity>
      </sensor>
    </sensors>
    <components next_id="1" active_id="0">
      <component id="0" label="Component 1">
        <transform>
          <rotation locked="false">-0.69860543274806697 -0.12877008537649071 0.70382434914331948 0.7111311368324077 -0.016333912865266878 0.70286962483661042 -0.079012376007392165 0.99153994796106992 0.10298337746949893</rotation>
          <translation locked="false">0.026212285311899251 0.027473823302909817 0.0038033138412433471</translation>
          <scale locked="true">0.0082801019899098171</scale>
        </transform>
        <region>
          <center>-0.13319526696136261 0.009687612660050084 -4.5931649399503867</center>
          <size>0.32765252243541682 0.30319939704452403 0.22741737425764225</size>
          <R>-0.69670154012999763 -0.12645134880147801 0.70612818975507308 0.71333662459496194 -0.017999947082053366 0.70059036670261876 -0.075880326778130336 0.99180948689318882 0.10274296918385137</R>
        </region>
        <partition>
          <partition>
            <camera_ids>117 118 119 120 121 122 123 124 125 126 127 128 129 130 131 132 133 134 135 136 137 138 139 140 141 142 143 144 145 146 147 148 149 150 151 152 153 154 155 156 157 158 159 160 161 162 163 164 165 166 167 168 169 170 171 172 173 174 175 176 177 178 179 180 181 182 183 184 185 186 187 188 189 190 191 192 193 194 195 196 197 198 199 200 201 202</camera_ids>
          </partition>
          <partition>
            <camera_ids>0 1 2 3 4 5 6 7 8 9 10 11 12 13 14 15 16 17 18 19 20 21 22 23 24 25 26 27 28 29 30 31 32 33 34 35 36 37 38 39 40 41 42 43 44 45 46 47 48 49 50 51 52 53 54 55 56 57 58 59 60 61 62 63 64 65 66 67 68 69 70 71 72 73 74 75 76 77 78 79 80 81 82 83 84 85 86 87 88 89 90 91 92 93 94 95 96 97 98 99 100 101 102 103 104 105 106 107 108 109 110 111 112 113 114 115 116</camera_ids>
          </partition>
          <partition>
            <camera_ids>203 204 205 206 207 208 209 210 211 212 213 214 215 216 217 218 219 220 221 222 223 224 225 226 227 228 229 230 231 232 233 234 235 236 237 238 239 240 241 242 243 244 245 246 247 248 249 250 251 252 253 254 255 256 257 258 259 260 261 262 263 264 265 266 267 268 269 270 271 272 273 274 275 276 277 278 279 280 281 282 283 284 285 286 287 288 289 290 291</camera_ids>
          </partition>
        </partition>
      </component>
    </components>
    <cameras next_id="292" next_group_id="0">
      <camera id="0" sensor_id="0" component_id="0" label="001_75_338.1">
        <transform>-0.38033009223994041 -0.80262948749516527 0.45949420751518388 -2.170949733128654 -0.18008316312907716 -0.42305153782272353 -0.88803009560670576 4.0251526685003212 0.90714887162702496 -0.42049173850276433 0.016359173473565691 -4.635541559988436 0 0 0 1</transform>
      </camera>
      <camera id="1" sensor_id="0" component_id="0" label="002_75_289.8">
        <transform>-0.92370586009348599 -0.24436159423368853 0.29505066563647048 -1.4456804209951128 -0.24113884114094519 -0.22760014981893134 -0.94342473525745729 4.2698134538444119 0.29769034805004363 -0.94259513210390133 0.15131052049303606 -5.2389453035154716 0 0 0 1</transform>
        <rotation_covariance>2.1240444427222633e-07 2.3639678306466786e-08 -2.8049349296389948e-09 2.3639678306466792e-08 1.590945355431074e-07 -4.3847243175778491e-08 -2.8049349296389931e-09 -4.3847243175778484e-08 1.2618831388463336e-08</rotation_covariance>
        <location_covariance>0.0043333741486298507 0.0014617061188429438 -0.0036051794754887304 0.0014617061188429438 0.00049341419966191413 -0.0012161786775332732 -0.0036051794754887304 -0.0012161786775332732 0.0029994700571235309</location_covariance>
      </camera>
      <camera id="2" sensor_id="0" component_id="0" label="003_75_241.5">
        <transform>-0.85117581435548706 0.51782472493836662 0.085774630857720635 -0.51750828384384095 -0.1312533961674989 -0.051760989358225248 -0.98999663937568794 4.4779233063662378 -0.50820495771959051 -0.85391940733488592 0.11202395603649468 -5.0711242900443958 0 0 0 1</transform>
        <rotation_covariance>7.2783788788977883e-07 -3.4638004922518469e-10 1.0317933616747415e-08 -3.4638004922515822e-10 4.9904439632736226e-07 -1.3846239687448131e-07 1.0317933616747422e-08 -1.3846239687448131e-07 3.9111676329437288e-08</rotation_covariance>
        <location_covariance>0.022521629909999261 0.0061669443024848832 -0.0059330763956608711 0.0061669443024848832 0.0016898083971397515 -0.0016247129728118941 -0.0059330763956608711 -0.0016247129728118941 0.001563119711045866</location_covariance>
      </camera>
      <camera id="3" sensor_id="0" component_id="0" label="004_75_193.2">
        <transform>-0.2105798538705268 0.97711231040191082 -0.030127363059305745 0.0017521553757811521 0.07669472807300784 -0.014210455383720066 -0.99695334978302541 4.5098210704792914 -0.9745635145179995 -0.21224890063043242 -0.07194692732492558 -4.2592422376931456 0 0 0 1</transform>
        <rotation_covariance>1.1371837077734234e-06 -9.9316447420683804e-08 4.1481545657882759e-08 -9.9316447420683818e-08 8.6711440865167866e-07 -2.382788497860598e-07 4.1481545657882759e-08 -2.382788497860598e-07 6.6382588458287025e-08</rotation_covariance>
        <location_covariance>0.038888599822805431 0.0086745043617254079 0.0067351366387709017 0.0086745043617254079 0.0019366585194490603 0.0015024412221764875 0.0067351366387709017 0.0015024412221764875 0.0011666550706941627</location_covariance>
      </camera>
      <camera id="4" sensor_id="0" component_id="0" label="005_75_144.9">
        <transform>0.56456863565241311 0.82500191769907938 0.025181172141397548 -0.23688914282668019 0.24509431408788987 -0.13843555595025045 -0.95956467945132884 4.3461587532107071 -0.78815673113877538 0.54791188401200674 -0.28035965208826596 -3.3330366552485047 0 0 0 1</transform>
        <rotation_covariance>1.116334360957408e-06 -1.5295299311243691e-07 6.0005455323908598e-08 -1.529529931124368e-07 1.0405352882618508e-06 -2.857832494786564e-07 6.0005455323908532e-08 -2.857832494786564e-07 7.9432610973791569e-08</rotation_covariance>
        <location_covariance>0.030815148805776512 0.0051140452558642684 0.02075227595097897 0.0051140452558642684 0.00085032102557460712 0.0034444197015403039 0.02075227595097897 0.0034444197015403039 0.013975909017468721</location_covariance>
      </camera>
      <camera id="5" sensor_id="0" component_id="0" label="006_75_96.6">
        <transform>0.96296276925178703 0.16358071099498689 0.21434564615430007 -1.0725550388829628 0.25918634999544288 -0.34242189736164352 -0.90308896581859077 4.0950243994605247 -0.074331292272969571 0.92519651706954997 -0.37213742594826937 -2.9204232348104324 0 0 0 1</transform>
        <rotation_covariance>7.4152449854547783e-07 -8.4041134683162857e-08 3.5669551966469933e-08 -8.4041134683162884e-08 8.6733855678234561e-07 -2.3920707178409697e-07 3.5669551966469894e-08 -2.3920707178409697e-07 6.6846604818387308e-08</rotation_covariance>
        <location_covariance>0.0099391799687697686 0.00063185065600170596 0.015519208351783517 0.00063185065600170596 4.1122401378004093e-05 0.00098724398977791746 0.015519208351783517 0.00098724398977791746 0.024233032362058569</location_covariance>
      </camera>
      <camera id="6" sensor_id="0" component_id="0" label="007_75_48.3">
        <transform>0.7126370494196933 -0.5673608061629527 0.41261380420984128 -1.9544397560332472 0.11061632408555359 -0.48992640080002714 -0.86471738194911452 3.9240986240155658 0.69275714694270252 0.66187146594278778 -0.28638033789097889 -3.2948654619918143 0 0 0 1</transform>
        <rotation_covariance>3.1441943276979094e-07 9.2333993223083239e-09 2.7408775041034281e-09 9.2333993223082974e-09 4.0710972349387267e-07 -1.1076330460399781e-07 2.7408775041034215e-09 -1.1076330460399781e-07 3.0757990360634117e-08</rotation_covariance>
        <location_covariance>0.00038634089882656888 -0.00018042325858024343 0.0023912291340380597 -0.00018042325858024343 8.450720889585814e-05 -0.0011161048200391368 0.0023912291340380597 -0.0011161048200391368 0.014807035997878986</location_covariance>
      </camera>
      <camera id="7" sensor_id="0" component_id="0" label="008_75_0">
        <transform>-0.014649994548697087 -0.87452469684510747 0.48475966443970525 -2.2795349340453219 -0.10040135071062313 -0.48107482464709089 -0.87091135132472175 3.9492429958794846 0.99483915606252926 -0.061429371629080409 -0.08075571723445174 -4.2043055148350073 0 0 0 1</transform>
        <rotation_covariance>3.9660981880052916e-08 5.4897260277054867e-09 -8.5941813579353006e-10 5.4897260277054884e-09 4.4573049126126353e-08 -1.147490039464783e-08 -8.5941813579352944e-10 -1.1474900394647829e-08 3.2269208693440894e-09</rotation_covariance>
        <location_covariance>9.7158922058110874e-05 6.7890595819831355e-05 -0.0003857533951825544 6.7890595819831355e-05 4.7530496594295979e-05 -0.00026968078173503571 -0.0003857533951825544 -0.00026968078173503571 0.001532016350565752</location_covariance>
      </camera>
      <camera id="8" sensor_id="0" component_id="0" label="009_62.5_325.2">
        <transform>-0.57067769832801518 -0.59257379067455207 0.5684920995375673 -2.6710513396394782 -0.21228742077177004 -0.56229835865092492 -0.79922125024335078 3.6278359170046155 0.7932597403203494 -0.57678146508367301 0.19509517144927963 -5.4407847639682654 0 0 0 1</transform>
        <rotation_covariance>1.7754915667436014e-08 1.0945865509952792e-09 -1.5053434071751739e-08 1.0945865509952784e-09 1.3521855954044116e-08 -5.4057550356410092e-09 -1.5053434071751739e-08 -5.4057550356410092e-09 1.7376947717382554e-08</rotation_covariance>
        <location_covariance>0.0020604523660216595 0.001636762415815438 0.0033174730288110426 0.001636762415815438 0.0013006359206368416 0.0026355811001943616 0.0033174730288110426 0.0026355811001943616 0.0053416832565288267</location_covariance>
      </camera>
      <camera id="9" sensor_id="0" component_id="0" label="010_62.5_298.1">
        <transform>-0.86752244923488009 -0.29183520495637216 0.4027865603785552 -1.9319676338031309 -0.24222779454804449 -0.45939844733288687 -0.85456349216224048 3.8747326460075717 0.43443123232786274 -0.83891911394138885 0.3278478681368685 -6.0377373622610611 0 0 0 1</transform>
        <rotation_covariance>1.4718352234477856e-07 1.2858760208933798e-08 -4.8072858647981228e-08 1.2858760208933785e-08 9.7902458770867049e-08 -4.2364277959385972e-08 -4.8072858647981241e-08 -4.2364277959385972e-08 3.1752684279291801e-08</rotation_covariance>
        <location_covariance>0.0004706365504104096 -0.00029628844178069592 -0.0027604767121983797 -0.00029628844178069592 0.00018684275463563973 0.0017374198638101023 -0.0027604767121983797 0.0017374198638101023 0.016197147847569891</location_covariance>
      </camera>
      <camera id="10" sensor_id="0" component_id="0" label="011_62.5_271">
        <transform>-0.97595934100972692 0.09995287444657304 0.19368218190047337 -0.99727632879768979 -0.21677803891046221 -0.35302665401965316 -0.91015353836472146 4.1245877014853631 -0.022597489727723262 -0.93025889108438842 0.36620724872188093 -6.2138281515560436 0 0 0 1</transform>
        <rotation_covariance>3.9759777047806357e-07 1.976419599401423e-08 -6.9509069085924269e-08 1.9764195994014227e-08 2.3995858259928976e-07 -9.880949262533857e-08 -6.9509069085924295e-08 -9.8809492625338544e-08 5.1083472369513868e-08</rotation_covariance>
        <location_covariance>0.011348006772032069 0.00096114226332983689 -0.01525983463141393 0.00096114226332983689 8.255369700700499e-05 -0.0012930331302373893 -0.01525983463141393 -0.0012930331302373893 0.020520779598988376</location_covariance>
      </camera>
      <camera id="11" sensor_id="0" component_id="0" label="012_62.5_243.9">
        <transform>-0.87118705741613001 0.4908093623315114 -0.011801730312119729 -0.0765107087049023 -0.13950672834008285 -0.2705290628241741 -0.95255020808108581 4.3145847012934704 -0.470713271258068 -0.82820299203468717 0.30415262656488745 -5.9400268473559787 0 0 0 1</transform>
        <rotation_covariance>7.0266973413080292e-07 -2.0015299908616091e-09 -6.4076443258249324e-08 -2.0015299908615561e-09 4.1474443463303506e-07 -1.65378410298824e-07 -6.4076443258249337e-08 -1.6537841029882403e-07 7.2773365175094071e-08</rotation_covariance>
        <location_covariance>0.036137363191917272 0.0049934685084646723 -0.022507374042899563 0.0049934685084646723 0.00069208240653512393 -0.0031105420786897353 -0.022507374042899563 -0.0031105420786897353 0.014018607592489412</location_covariance>
      </camera>
      <camera id="12" sensor_id="0" component_id="0" label="013_62.5_216.8">
        <transform>-0.57598658317135643 0.79975379668561697 -0.16921383127134151 0.63028530591744392 -0.027960883977477646 -0.22615330743999701 -0.97369033604177679 4.4105131560661954 -0.81698081065211281 -0.55610120142011099 0.15262309394493903 -5.2648848923775935 0 0 0 1</transform>
        <rotation_covariance>9.7563441565823739e-07 -4.7572304450995164e-08 -3.0478164953208887e-08 -4.7572304450995005e-08 6.0190902682969506e-07 -2.3650842224043156e-07 -3.0478164953208887e-08 -2.3650842224043156e-07 9.625757655609158e-08</rotation_covariance>
        <location_covariance>0.064642694400647627 0.0088923095951950522 -0.014523040657949059 0.0088923095951950522 0.0012260990559809816 -0.0019980688672525636 -0.014523040657949059 -0.0019980688672525636 0.0032631606768404428</location_covariance>
      </camera>
      <camera id="13" sensor_id="0" component_id="0" label="014_62.5_189.7">
        <transform>-0.15668507377825561 0.95689420661544489 -0.24454706091241743 0.97116344870519411 0.092612949091026436 -0.23227929682145437 -0.96822991584065066 4.3865467148126314 -0.98329681648816791 -0.17435540030044799 -0.05222609568314357 -4.3499841581718108 0 0 0 1</transform>
        <rotation_covariance>1.1473461388888748e-06 -9.8618326668972336e-08 1.7722827407484847e-08 -9.8618326668972283e-08 7.6510167200610924e-07 -3.0025541551517286e-07 1.7722827407484844e-08 -3.0025541551517291e-07 1.1913578525542542e-07</rotation_covariance>
        <location_covariance>0.081332498217971727 0.0093540190451227752 0.0073913225708459622 0.0093540190451227752 0.0010790970493563604 0.0008500992228253208 0.0073913225708459622 0.0008500992228253208 0.00067211642426164789</location_covariance>
      </camera>
      <camera id="14" sensor_id="0" component_id="0" label="015_62.5_162.6">
        <transform>0.30221347184104386 0.92756070776500288 -0.21976840275223769 0.86486746361687483 0.19916019671032567 -0.28690113032336656 -0.93702879222864832 4.2485137476624848 -0.93220289287476865 0.23941360619158988 -0.27143855968939112 -3.3678520562850998 0 0 0 1</transform>
        <rotation_covariance>1.1733609897689591e-06 -1.3205928542095344e-07 6.5920564101581411e-08 -1.3205928542095338e-07 8.719387678409091e-07 -3.4494315146592097e-07 6.5920564101581437e-08 -3.4494315146592097e-07 1.3748355962945705e-07</rotation_covariance>
        <location_covariance>0.075922875382756702 0.0055854474598912903 0.031703176201110551 0.0055854474598912903 0.00041413309737864162 0.0023327053441383086 0.031703176201110551 0.0023327053441383086 0.01323896928966835</location_covariance>
      </camera>
      <camera id="15" sensor_id="0" component_id="0" label="016_62.5_135.5">
        <transform>0.68956932629457401 0.7171419704234554 -0.1010026657609142 0.3368202064618554 0.26303432715838387 -0.37794227512689049 -0.88767819586167984 4.027663707486437 -0.67476446777374366 0.58554848725709607 -0.44925035570485966 -2.5696640105167274 0 0 0 1</transform>
        <rotation_covariance>1.0596244443519161e-06 -1.3030269539306413e-07 9.4686392750321476e-08 -1.3030269539306419e-07 8.9262631769706238e-07 -3.5660952423961353e-07 9.4686392750321449e-08 -3.5660952423961359e-07 1.4507436418973153e-07</rotation_covariance>
        <location_covariance>0.051808277632105638 5.1239138023351539e-05 0.042678334959595041 5.1239138023351539e-05 2.7699311654593691e-06 4.2970339837340137e-05 0.042678334959595041 4.2970339837340137e-05 0.035158488809012914</location_covariance>
      </camera>
      <camera id="16" sensor_id="0" component_id="0" label="017_62.5_108.4">
        <transform>0.92294001714450591 0.37541083762849398 0.085137698726075559 -0.4941751724214366 0.27368519574785238 -0.48440648215979532 -0.83093126892061997 3.7742056046722605 -0.27069935053811855 0.7902006473248705 -0.54982251553169081 -2.1157288506401586 0 0 0 1</transform>
        <rotation_covariance>8.4770813516219868e-07 -9.2441744866481061e-08 9.7981180833805734e-08 -9.2441744866481061e-08 8.1081468029782359e-07 -3.2622008662413036e-07 9.798118083380576e-08 -3.2622008662413036e-07 1.365551472889741e-07</rotation_covariance>
        <location_covariance>0.02316223003801663 -0.0034670610863635166 0.034806309227559014 -0.0034670610863635166 0.00052086245899957508 -0.0052089186066524278 0.034806309227559014 -0.0052089186066524278 0.05230655156957513</location_covariance>
      </camera>
      <camera id="17" sensor_id="0" component_id="0" label="018_62.5_81.3">
        <transform>0.95403270092198889 -0.027272057768103326 0.29845911015847215 -1.4487779946913397 0.22705125649314734 -0.58425465803565102 -0.77916251288709182 3.5413720036923353 0.19562549040546015 0.81111203260014431 -0.55120589444860413 -2.1057096200971825 0 0 0 1</transform>
        <rotation_covariance>5.9601635478674572e-07 -3.4883218200118494e-08 7.9562808560482549e-08 -3.4883218200118501e-08 6.3616014422110302e-07 -2.5397203605597217e-07 7.9562808560482549e-08 -2.5397203605597222e-07 1.0953164817489578e-07</rotation_covariance>
        <location_covariance>0.0042969714820890806 -0.002878769437924917 0.015050306044330032 -0.002878769437924917 0.0019295125234695693 -0.010082096975332074 0.015050306044330032 -0.010082096975332074 0.052723282454110031</location_covariance>
      </camera>
      <camera id="18" sensor_id="0" component_id="0" label="019_62.5_54.2">
        <transform>0.77461677198824774 -0.39768788072627681 0.49174506207785035 -2.316016012997741 0.13554764947974612 -0.65507994268760816 -0.74330148890535297 3.3806764142902597 0.61773432094632907 0.64242868725784774 -0.45353025313989387 -2.5390498882046932 0 0 0 1</transform>
        <rotation_covariance>3.6121946130442571e-07 9.0530818695718829e-09 5.678786678388841e-08 9.0530818695719094e-09 4.0376709208552842e-07 -1.5681880831170644e-07 5.678786678388837e-08 -1.5681880831170642e-07 7.185049855463027e-08</rotation_covariance>
        <location_covariance>0.00017385152342374306 0.00076964603696317419 -0.002505485853176065 0.00076964603696317419 0.0034226367509553584 -0.011130512180627571 -0.002505485853176065 -0.011130512180627571 0.036208075477974423</location_covariance>
      </camera>
      <camera id="19" sensor_id="0" component_id="0" label="020_62.5_27.1">
        <transform>0.42243188113103552 -0.65897545518708955 0.62233644860723225 -2.9026288919730949 0.016914814473365514 -0.68075553234261388 -0.73231536528756225 3.3299171930498495 0.9062368315486995 0.3198800629077912 -0.27642639255085882 -3.3297468902064784 0 0 0 1</transform>
        <rotation_covariance>1.6802404490681375e-07 1.9112298921642238e-08 3.8083264825058989e-08 1.9112298921642245e-08 1.8200368264481426e-07 -6.55630603860551e-08 3.8083264825058996e-08 -6.5563060386055087e-08 3.6791431747917701e-08</rotation_covariance>
        <location_covariance>0.0044105404858458923 0.004190199971248804 -0.0078707338700904923 0.004190199971248804 0.0039824756550586428 -0.0074786534874049376 -0.0078707338700904923 -0.0074786534874049376 0.014046568730600903</location_covariance>
      </camera>
      <camera id="20" sensor_id="0" component_id="0" label="021_62.5_0">
        <transform>-0.019670850847626542 -0.7492081759888326 0.6620424205883001 -3.0847544481025615 -0.1009984507878019 -0.65729422857638853 -0.74683573161615247 3.3944863411557789 0.99469209837285522 -0.081556153119524299 -0.062739328359094904 -4.2848657211848185 0 0 0 1</transform>
        <rotation_covariance>3.9843009526625524e-08 7.1385612586412169e-09 2.0078593306228374e-08 7.1385612586412136e-09 4.0162551369347816e-08 -1.0362171284086175e-08 2.0078593306228374e-08 -1.0362171284086182e-08 1.7025570955092456e-08</rotation_covariance>
        <location_covariance>0.0068792013859323301 0.0047473853663059038 -0.0026398443742740216 0.0047473853663059038 0.0032769075807573098 -0.0018218897182186845 -0.0026398443742740216 -0.0018218897182186845 0.0010131188148664323</location_covariance>
      </camera>
      <camera id="21" sensor_id="0" component_id="0" label="022_50_349.2">
        <transform>-0.2051669969967867 -0.57524200957643401 0.79183529459211877 -3.677459593174254 -0.14270148430254948 -0.78281856905136626 -0.60566605842346832 2.7603361749125082 0.96826793281672296 -0.23725875825106529 0.078520646405852157 -4.9200061586260029 0 0 0 1</transform>
        <rotation_covariance>1.3590740638294115e-08 5.6190548403414858e-09 2.087479057900462e-08 5.6190548403414858e-09 1.7741471292500717e-08 9.0078698321864018e-09 2.0874790579004624e-08 9.0078698321864002e-09 5.0904619121275953e-08</rotation_covariance>
        <location_covariance>0.018697268845458373 0.015696447523656867 0.003530383682245133 0.015696447523656867 0.013179428948227398 0.0029639647053773758 0.003530383682245133 0.0029639647053773758 0.00066679287326478908</location_covariance>
      </camera>
      <camera id="22" sensor_id="0" component_id="0" label="023_50_329.8">
        <transform>-0.51064866382047636 -0.48562542240417744 0.70951102264385235 -3.3111994455418023 -0.20248391378514433 -0.73407927160527409 -0.64817272980103158 2.9512447751549291 0.83560649039880686 -0.47465310713639502 0.27652526302158048 -5.8107803809814449 0 0 0 1</transform>
        <rotation_covariance>1.114413902952533e-08 -3.115480729474664e-09 -1.9909737854982196e-08 -3.1154807294746632e-09 9.8256778981964333e-09 6.7618525120410901e-09 -1.9909737854982196e-08 6.7618525120410884e-09 5.6967021482398114e-08</rotation_covariance>
        <location_covariance>0.010711275612040683 0.01008706262056268 0.011039477027945926 0.01008706262056268 0.00950119009335809 0.010396938385769621 0.011039477027945926 0.010396938385769621 0.011378282732619512</location_covariance>
      </camera>
      <camera id="23" sensor_id="0" component_id="0" label="024_50_310.4">
        <transform>-0.75526813391149794 -0.32665479046720847 0.56821359871325461 -2.6780452179057868 -0.23543948183200034 -0.67386588286721838 -0.70033779157079912 3.1847183152018572 0.61166845291589322 -0.6627227321983219 0.43204199325420822 -6.5112464752764163 0 0 0 1</transform>
        <rotation_covariance>7.438699696920697e-08 -4.2283217351679045e-09 -6.4764602375888205e-08 -4.2283217351679029e-09 4.2881249205987013e-08 -1.7010070415854998e-08 -6.4764602375888205e-08 -1.7010070415854998e-08 7.0479867970454807e-08</rotation_covariance>
        <location_covariance>0.0021188142701335298 0.0035104328431014415 0.0078357911969432863 0.0035104328431014415 0.0058193737356586027 0.01298603604045305 0.0078357911969432863 0.01298603604045305 0.028983463530213069</location_covariance>
      </camera>
      <camera id="24" sensor_id="0" component_id="0" label="025_50_291">
        <transform>-0.91692666076918306 -0.11258452897995477 0.38284490672469113 -1.8472127654387018 -0.24138678104645744 -0.60747672279997267 -0.75677239193315926 3.4389039206762551 0.31777023256860487 -0.78631848197188348 0.52983518588588263 -6.9535027168194192 0 0 0 1</transform>
        <rotation_covariance>2.0646261250163502e-07 -1.0124304505796155e-09 -1.0686443811791946e-07 -1.0124304505796205e-09 1.0811350745183973e-07 -5.5109242021963113e-08 -1.0686443811791945e-07 -5.5109242021963119e-08 8.6503740737446843e-08</rotation_covariance>
        <location_covariance>0.00086378150965088268 -0.0015638768840572405 -0.0061815877687784026 -0.0015638768840572405 0.0028324118266836685 0.011194089265088965 -0.0061815877687784026 0.011194089265088965 0.044262254541194083</location_covariance>
      </camera>
      <camera id="25" sensor_id="0" component_id="0" label="026_50_271.6">
        <transform>-0.97603954314141705 0.13415982246636973 0.17131244047087413 -0.89712533842670694 -0.21701810558448653 -0.54299479058590561 -0.81120885057122583 3.6832213100762488 -0.015809872637540839 -0.82894981719785721 0.55909949784883906 -7.0877169834528999 0 0 0 1</transform>
        <rotation_covariance>3.969318646965238e-07 -2.7460530904257672e-09 -1.3513829017744511e-07 -2.7460530904257535e-09 1.9457970535346873e-07 -1.0191071676066127e-07 -1.3513829017744511e-07 -1.0191071676066126e-07 1.0218795671616656e-07</rotation_covariance>
        <location_covariance>0.013367442052567707 -0.0035885217513793744 -0.02573209336181068 -0.0035885217513793744 0.00096510912539792123 0.0069067159618064738 -0.02573209336181068 0.0069067159618064738 0.04953647741682126</location_covariance>
      </camera>
      <camera id="26" sensor_id="0" component_id="0" label="027_50_252.2">
        <transform>-0.92470507021549531 0.37902219779462265 -0.035534584515505216 0.032554721363196884 -0.16712736981975262 -0.48805749457820102 -0.85666114902170098 3.8884969992130949 -0.34203651175698657 -0.78622010630928474 0.51465422281385143 -6.8912291151049905 0 0 0 1</transform>
        <rotation_covariance>6.1307944488399554e-07 -1.5035201253322848e-08 -1.3984123390805509e-07 -1.5035201253322769e-08 2.9645467855949609e-07 -1.5328065403093687e-07 -1.3984123390805512e-07 -1.5328065403093687e-07 1.1651026567310211e-07</rotation_covariance>
        <location_covariance>0.039999031026184143 -0.0024810095372180961 -0.040945764573199095 -0.0024810095372180961 0.00015680122733599517 0.0025387072648340495 -0.040945764573199095 0.0025387072648340495 0.041916217997900691</location_covariance>
      </camera>
      <camera id="27" sensor_id="0" component_id="0" label="028_50_232.8">
        <transform>-0.77094032268267165 0.59826434554337227 -0.21847377809132906 0.8556799868568935 -0.096872141772389397 -0.44917576502718604 -0.88817617636405466 4.0301732220312463 -0.62949726529220829 -0.66356680520035272 0.40424285773013785 -6.3974799849332058 0 0 0 1</transform>
        <rotation_covariance>8.2635383693592406e-07 -3.6808215107469112e-08 -1.2025489468452639e-07 -3.6808215107469085e-08 4.0509779980101201e-07 -2.0809299268013255e-07 -1.2025489468452639e-07 -2.0809299268013252e-07 1.3191498305316552e-07</rotation_covariance>
        <location_covariance>0.075463778122045216 0.00012480815249549829 -0.043930620542311408 0.00012480815249549829 4.1684658972166239e-06 -7.348687953458921e-05 -0.043930620542311408 -7.348687953458921e-05 0.025574775671023925</location_covariance>
      </camera>
      <camera id="28" sensor_id="0" component_id="0" label="029_50_213.4">
        <transform>-0.52652346102749936 0.77065199135619578 -0.35898266421423947 1.4893340450893731 -0.012003980191289827 -0.42894973264985808 -0.90324859884706266 4.099211434180428 -0.85007584923181456 -0.47127235764295061 0.23510298908024163 -5.6398826252629277 0 0 0 1</transform>
        <rotation_covariance>1.010139302290838e-06 -6.5053750823145203e-08 -7.7924323294951626e-08 -6.5053750823145256e-08 5.150942193583097e-07 -2.6431568887844263e-07 -7.7924323294951626e-08 -2.6431568887844263e-07 1.4938533611238119e-07</rotation_covariance>
        <location_covariance>0.11036948700728323 0.0022327515213426659 -0.030284142888289817 0.0022327515213426659 4.9969962682956723e-05 -0.00061319716965927188 -0.030284142888289817 -0.00061319716965927188 0.0083104494580551833</location_covariance>
      </camera>
      <camera id="29" sensor_id="0" component_id="0" label="030_50_194">
        <transform>-0.22766081565272897 0.87002589689846055 -0.43729337033891097 1.8434281860847677 0.074501148850655258 -0.43220665463889058 -0.89869181953870658 4.0789947160901132 -0.97088626101941877 -0.23717577113164084 0.033578590676870065 -4.7355535156856643 0 0 0 1</transform>
        <rotation_covariance>1.1318004717854204e-06 -9.2635468712031763e-08 -2.2679229476385614e-08 -9.2635468712031763e-08 6.09348687292844e-07 -3.1517941526256787e-07 -2.2679229476385594e-08 -3.1517941526256787e-07 1.6877440264525782e-07</rotation_covariance>
        <location_covariance>0.1327565847528144 0.0017802171514325947 -0.0033077089813382705 0.0017802171514325947 2.9163304076374156e-05 -4.4584496630658017e-05 -0.0033077089813382705 -4.4584496630658017e-05 8.3300980265503527e-05</location_covariance>
      </camera>
      <camera id="30" sensor_id="0" component_id="0" label="031_50_174.6">
        <transform>0.10155645957365977 0.88927385381645385 -0.44595773167117081 1.885779478163627 0.15679833739853283 -0.45698065065803661 -0.87554723819632563 3.9761556657604689 -0.98239532109427286 0.018992046824653941 -0.18584599874490354 -3.7498729809001925 0 0 0 1</transform>
        <rotation_covariance>1.1822029282179032e-06 -1.121430611338611e-07 3.7176417447984124e-08 -1.1214306113386111e-07 6.8327660373442185e-07 -3.5737689851047908e-07 3.7176417447984118e-08 -3.5737689851047913e-07 1.8855831049828714e-07</rotation_covariance>
        <location_covariance>0.13557265320743356 -0.0016378082528392397 0.029597704320552556 -0.0016378082528392397 2.5152094065587648e-05 -0.00035741180994267139 0.029597704320552556 -0.00035741180994267139 0.0064627731940027078</location_covariance>
      </camera>
      <camera id="31" sensor_id="0" component_id="0" label="032_50_155.2">
        <transform>0.41222858748280244 0.82578619368591177 -0.38489577028030131 1.6142036359702505 0.21973977787751309 -0.50010509851046048 -0.83762122732305655 3.8058301905499539 -0.88418438217391859 0.26071450431760756 -0.38761569312677446 -2.8421266653719068 0 0 0 1</transform>
        <rotation_covariance>1.1578380323601875e-06 -1.185767442055077e-07 8.8137704675428125e-08 -1.185767442055076e-07 7.2460178196299929e-07 -3.8319945055982007e-07 8.8137704675428046e-08 -3.8319945055982002e-07 2.0450785415217664e-07</rotation_covariance>
        <location_covariance>0.11802883113951884 -0.0068393313984245968 0.055921314621209056 -0.0068393313984245968 0.00040135956428909327 -0.0032399104568707785 0.055921314621209056 -0.0032399104568707785 0.026496729254269904</location_covariance>
      </camera>
      <camera id="32" sensor_id="0" component_id="0" label="033_50_135.8">
        <transform>0.68042713638422003 0.68549801219211248 -0.25905865620093249 1.0515489049471634 0.2622819088680991 -0.55790012003263789 -0.78737262865054847 3.5811100756207921 -0.68427122718442346 0.46780330412282312 -0.5594041082252551 -2.0681241842318325 0 0 0 1</transform>
        <rotation_covariance>1.0651034691516294e-06 -1.0743993663813286e-07 1.2617173400989182e-07 -1.0743993663813302e-07 7.2850882792265693e-07 -3.8928119473465274e-07 1.2617173400989185e-07 -3.8928119473465268e-07 2.1376925771546024e-07</rotation_covariance>
        <location_covariance>0.085547794864192991 -0.011788477047074131 0.068155821508412581 -0.011788477047074131 0.0016288150244701777 -0.0093909933402619109 0.068155821508412581 -0.0093909933402619109 0.054302046259923249</location_covariance>
      </camera>
      <camera id="33" sensor_id="0" component_id="0" label="034_50_116.4">
        <transform>0.87118142272429355 0.48378026094401499 -0.083663539376579221 0.26509130031247369 0.27624376801543088 -0.62388270338975182 -0.73106754342107949 3.3276244736848355 -0.40587228204536485 0.61378093122223709 -0.67715630332682542 -1.5370541474001111 0 0 0 1</transform>
        <rotation_covariance>9.2132072372999583e-07 -8.0412232717718505e-08 1.4457600118972182e-07 -8.0412232717718558e-08 6.8959502035261661e-07 -3.7073030514477999e-07 1.4457600118972184e-07 -3.7073030514477999e-07 2.1199794060659961e-07</rotation_covariance>
        <location_covariance>0.048887502456333519 -0.013998738761189598 0.062179572052960465 -0.013998738761189598 0.0040119036618972695 -0.017803786336572862 0.062179572052960465 -0.017803786336572862 0.079089794751133424</location_covariance>
      </camera>
      <camera id="34" sensor_id="0" component_id="0" label="035_50_97">
        <transform>0.96162777340621619 0.24618948977659311 0.1210898861893214 -0.65419336005884676 0.26155944694562122 -0.6894189003420772 -0.67549110694710257 3.0783148490259689 -0.082817154788744046 0.68124321279163014 -0.72735754886990434 -1.3080370600680344 0 0 0 1</transform>
        <rotation_covariance>7.5046433534629879e-07 -4.3167659217917146e-08 1.4464975955860247e-07 -4.3167659217917153e-08 6.1115440143968617e-07 -3.2691931233975747e-07 1.4464975955860249e-07 -3.2691931233975753e-07 1.9610572694285099e-07</rotation_covariance>
        <location_covariance>0.018953049252009999 -0.011831632770267572 0.04157633957996168 -0.011831632770267572 0.0073883730734530884 -0.025953794785896128 0.04157633957996168 -0.025953794785896128 0.091213104253390548</location_covariance>
      </camera>
      <camera id="35" sensor_id="0" component_id="0" label="036_50_77.6">
        <transform>0.94400008887998221 -0.00066326076782466381 0.32994452909502686 -1.5925506606284572 0.21879202272089887 -0.74725655010691505 -0.62748521824502723 2.8615277927650324 0.24696939686585226 0.66453533270057608 -0.70526513355209286 -1.4052376660224892 0 0 0 1</transform>
        <rotation_covariance>5.7386641471415577e-07 -7.4359140788003886e-09 1.3183348865581514e-07 -7.4359140788003952e-09 5.0089034571627347e-07 -2.6264002161867482e-07 1.3183348865581519e-07 -2.6264002161867477e-07 1.6792656049025966e-07</rotation_covariance>
        <location_covariance>0.0027572787692789328 -0.0055455079283490286 0.015391306140171639 -0.0055455079283490286 0.011156792118613578 -0.030964673624681173 0.015391306140171639 -0.030964673624681173 0.085961939368184387</location_covariance>
      </camera>
      <camera id="36" sensor_id="0" component_id="0" label="037_50_58.2">
        <transform>0.8175128061670851 -0.23391690995289127 0.52626579880409174 -2.4762175673157909 0.15318681310775487 -0.79255723144108237 -0.59024303060716943 2.6941579991132234 0.55516359034315965 0.56314821683863747 -0.61209270035571839 -1.8206973253502687 0 0 0 1</transform>
        <rotation_covariance>4.0190723324734818e-07 2.0168230743867987e-08 1.1226829221008722e-07 2.0168230743868e-08 3.6663674469357906e-07 -1.8379701177958488e-07 1.122682922100873e-07 -1.8379701177958488e-07 1.3152045686321518e-07</rotation_covariance>
        <location_covariance>0.00076893143708179159 0.0033460871228235805 -0.0070790195978519994 0.0033460871228235805 0.014595839605034617 -0.030863338188009921 -0.0070790195978519994 -0.030863338188009921 0.065272185996250079</location_covariance>
      </camera>
      <camera id="37" sensor_id="0" component_id="0" label="038_50_38.8">
        <transform>0.60077928812919479 -0.42109541039579806 0.67951666815360134 -3.1659146720534923 0.072360571456797737 -0.81788281235433047 -0.57081665441174367 2.6057533694178714 0.79613327694138181 0.39210503771178945 -0.46089634924526401 -2.4986415076572053 0 0 0 1</transform>
        <rotation_covariance>2.5325435642361589e-07 3.0951508919698878e-08 9.1187698246133903e-08 3.0951508919698872e-08 2.3452334226689234e-07 -1.0642650617362836e-07 9.1187698246133903e-08 -1.0642650617362835e-07 9.5633136244922313e-08</rotation_covariance>
        <location_covariance>0.0081563015282478495 0.011633051638121856 -0.017515167053433971 0.011633051638121856 0.016598487662459006 -0.024986298226252934 -0.017515167053433971 -0.024986298226252934 0.037617392340963236</location_covariance>
      </camera>
      <camera id="38" sensor_id="0" component_id="0" label="039_50_19.4">
        <transform>0.312584297407283 -0.54435770608157896 0.77843801605779528 -3.6135256724792151 -0.015437934491190628 -0.82230641676038341 -0.56883550094323831 2.5967723017908249 0.94976456408577437 0.16579157030530939 -0.26544383214280709 -3.3747862155799706 0 0 0 1</transform>
        <rotation_covariance>1.2917282957260891e-07 2.6550158009413044e-08 6.8600009249857274e-08 2.6550158009413044e-08 1.1822288081937018e-07 -4.1904640731653244e-08 6.8600009249857274e-08 -4.1904640731653257e-08 6.7861765488082311e-08</rotation_covariance>
        <location_covariance>0.017144284637978277 0.016973798497189503 -0.014982697561191673 0.016973798497189503 0.016808812966671582 -0.014835008549418808 -0.014982697561191673 -0.014835008549418808 0.013094372321780536</location_covariance>
      </camera>
      <camera id="39" sensor_id="0" component_id="0" label="040_50_0">
        <transform>-0.0070173812781242906 -0.58894646599405542 0.80814158199730712 -3.748948345582086 -0.098040296097037488 -0.80386271972244172 -0.58667949357519233 2.6755937271256829 0.99515770443744378 -0.083347393681818427 -0.052099474711798377 -4.3329621984313755 0 0 0 1</transform>
        <rotation_covariance>4.3129777157274141e-08 1.3439533909847863e-08 4.1241822518763736e-08 1.3439533909847863e-08 4.1681878407069552e-08 -2.0460027140026183e-09 4.1241822518763736e-08 -2.0460027140026104e-09 5.3053763914726663e-08</rotation_covariance>
        <location_covariance>0.020513877943214243 0.017542833879135675 -0.0039333721963517561 0.017542833879135675 0.015004687824906035 -0.0033638899600271625 -0.0039333721963517561 -0.0033638899600271625 0.00075436304501808982</location_covariance>
      </camera>
      <camera id="40" sensor_id="0" component_id="0" label="041_37.5_347.6">
        <transform>-0.21842543842227763 -0.38813181388341789 0.89534575606388134 -4.1516644277369696 -0.14692828354212764 -0.89396048051936106 -0.42337541114825822 1.9409321424003814 0.96472918860444978 -0.22402757491246478 0.13823616868764815 -5.1904526223531082 0 0 0 1</transform>
